SRR5892193	SRR5892194	SRR5892196	SRR5892197	SRR5892198	SRR5892199	SRR5892201	SRR5892202	SRR5892203	SRR5892206	SRR5892208	SRR5892209	SRR5892210	SRR5892211	SRR5892212	SRR5892213	SRR5892214	SRR5892215	SRR5892216	SRR5892217	SRR402990	SRR402991
Abiotrophia_defectiva	0.000222322391320436	0.000669454148409043	0.00237330255461277	0.000134752062386496	0.000117950284749791	0.000135349151974772	0.000813394965359056	0.000277099779749929	0.00198539446147306	0.000141596766983585	0.00930708830712197	0.00113121311192669	0.000530867368781574	0.00021478621036125	0.000193795241206906	0.001040365782779	0.000643872920754519	0.000682705827214498	0.000165749358794313	0.000211687277087949	0.00200827994749302	0.00412956484735394
Achromobacter_xylosoxidans	0	0	0	0	0	0	0	0	0	0	0	0	0	0	0	0	0	0	0	0	2.94510327495484e-05	0
Acidovorax_caeni	0	0	0	0	0	0	0	0	0	0	0	0	0	0	0	0	0	0	0	0	0	0
Acidovorax_temperans	0	0	0	0	0	0	0	0	0	0	0	0	0	0	0	0	0	0	0	0	0	3.59613774805858e-05
Acinetobacter_baumannii	0	0	0	0	0	0	0	0	0	0	0	0	0	0	0	0	0	0	0	0	0	0
Acinetobacter_johnsonii	0	0	0	0	0	0	0	0	0	0	0	0	0	0	0	0	0	0	0	0	0	0.000421547258244645
Acinetobacter_junii	0	0	0	0	0	0	0	0	0	0	0	0	0	0	0	0	0	0	0	0	0	6.39313377432637e-05
Acinetobacter_radioresistens	0	0	0	0	0	0	0	0	0	0	0	0	0	0	0	0	0	0	0	0	0	0
Actinomyces_cardiffensis	0.00028776529605575	7.04990241903359e-05	0.00019739964278777	0.0017567218408368	0.000143384308415514	0.00123628194484173	6.7517514743978e-05	7.55726672045262e-05	0.000411551015931773	8.80863608560677e-05	7.492580716269e-05	0.000103265770947824	0.000219669256047548	0.000114673993667447	3.99276627612219e-05	0.00012328744118759	6.76743310102347e-05	0.00019996875488205	0.000170812088212997	0.000119918590478014	0.000107987120081678	0
Actinomyces_dentalis	0.000350761737062641	0.0056989577034513	0.00205602093698129	0.0320623370458145	0.000868253982888625	0.00841815911199793	0.0325587290910678	0.000681515674520097	0.0283291820197431	0.00846616948639066	0.000916483786163918	0.000101091754717343	0.000583127393405789	0.00082410556560217	0.000370061264616203	0.000499703249996211	0.000805517894253251	0.00175003905639744	0.022049507330392	0.000182411377065147	0.000309937058935724	0.000233748953623808
Actinomyces_gerencseriae	0.000399079395698994	0.0011251185730539	0.000231651635600259	0.00208803883826415	0.000396134918593638	0.00475047616389806	0.0117467736500797	0.000623644713147261	0.00187006972623943	0.00254050943553107	0.00107719421312157	0.000321392066072701	0.000689418968912667	0.000353578147141296	0.00994296187297744	0.00155481437457838	0.000631498185941218	0.000661146695828777	0.00101914944384817	0.000257290121354236	0.000176004981431825	7.99141721790797e-05
Actinomyces_graevenitzii	0.0110470069656939	0.0164790036137914	0.00384343414085411	0.0101472011749391	0.029971771412984	0.00747280807629785	0.0472304124364714	0.0189408252399092	0.00863013435331655	0.0336448736619311	0.00707885995497936	0.00985336622861447	0.0320852930842567	0.0045992462460194	0.00701753019164304	0.0118400998751151	0.0108588297986708	0.0074344633650992	0.0233622950805238	0.0147747585441996	0.000401095017446231	0.00149039931113984
Actinomyces_israelii	0.000120182530658778	0.0027746811065481	0.0003015076735731	0.00510821579615598	0.000247663805444979	0.00174488777880879	0.00987539196783619	0.000177017058316908	0.00248061244218217	0.0030764367338236	0.000340966716653401	9.78307303716227e-05	0.000176562117091981	0.000583381190006616	0.000271702875862949	9.33871647533903e-05	0.000206116676734029	0.000433682237150445	0.00255183574568721	0.000125548571251629	4.90850545825807e-05	0
Actinomyces_johnsonii	0.0018012089200514	0.00587549184532629	0.00134123592907854	0.00814075532857869	0.00116678583566505	0.00353093844404289	0.00958239143215477	0.0048148639862199	0.00383059022521112	0.00339667593357136	0.00357146347475489	0.000368858087104859	0.00113643409479437	0.00133467787074057	0.00325653912862258	0.00120952762068755	0.00126841031836326	0.00132323074519606	0.00187254952890202	0.000758358410206029	0.000434753340588572	0.000625328397301298
Actinomyces_massiliensis	0.0010076372481442	0.00078236721967324	0.0002068640092228	0.00819885942887378	0.000442869937079405	0.00259814557708274	0.00379053519095673	0.000332247401764043	0.00526310433835825	0.00219721959929761	0.00160058898199717	0.000603651839996753	0.00181492865177994	0.000613869910545184	0.00233333365794848	0.00105306316044284	0.00118178717467016	0.0012485549132948	0.00338454467572558	0.000267987084824105	0.000196340218330323	0.000201783284752176
Actinomyces_meyeri	0.00408008988307738	0.00386827572569575	0.00334768161330492	0.00637908845792954	0.00638680126775891	0.00739187765552943	0.00731673294211392	0.00495715846771311	0.00494313472981789	0.00568115865670769	0.00501785731737377	0.00391322921486491	0.00843216973583591	0.00602448016731482	0.00186686169544542	0.00473694105426736	0.00284966940122525	0.00497984689892204	0.0070228861783965	0.00575102536024839	0.000870207896242609	0.00110481343037578
Actinomyces_odontolyticus	0.076715903787921	0.0504669843899112	0.0554025983742021	0.0461358918917582	0.0703721283795062	0.08311693748125	0.0419169114176576	0.078879482020854	0.0485856325731323	0.069998197110932	0.0431007991000216	0.0620576556351044	0.0909339191180161	0.0652003563994914	0.0595340928678482	0.0865445069710651	0.0447454942430413	0.0724149351663803	0.0730974482963255	0.115567741336163	0.0100399973073341	0.00468496834399855
Actinomyces_oris	0.00616508859562585	0.00542957118825246	0.00394844353987135	0.0156337117517397	0.00278057463725519	0.00450908025367501	0.00960341103580148	0.022594865824474	0.003755968337707	0.0380500149417519	0.00536425344034331	0.00237619973991519	0.00494344402419905	0.00261338391123869	0.0181067081394975	0.00363472675448064	0.00489652788143767	0.00622527730042181	0.00587672826174047	0.00245241962498698	0.0013309061942534	0.00139849801313389
Actinomyces_radicidentis	3.2721452367657e-05	8.998655933238e-05	3.92095180879817e-05	0.000259614065148295	4.86425702606956e-05	0.000100465349919418	0.000226756936309964	5.92326310521962e-05	0.00196730430692661	9.46722569948391e-05	6.29811132671887e-05	7.35542157979237e-05	6.76132521974307e-05	4.55055530426378e-05	4.3823044494024e-05	2.49851624998106e-05	2.62963114782626e-05	0.00013466645836588	0.000133832151589565	3.71578731058633e-05	0	0
Actinomyces_timonensis	5.81035135500452e-05	0.000130107955213059	0.00105595288367978	0.00141304226887858	5.56369267687694e-05	0.000351628724717964	0.000406379003836396	0.000159996187324898	0.000713430469925683	0.000284840008001864	0.00019980215243384	5.0364709339465e-05	5.58030771411109e-05	5.55167747120181e-05	0.000194769086640107	4.66935823766951e-05	4.52451241611283e-05	8.49867208248711e-05	0.000181818021731876	5.46108135040719e-05	6.80178613501475e-05	0.000103888423832804
Afipia_broomeae	0	0	0	0	0	0	0	0	0	0	0	0	0	0	0	0	0	0	0	0	0	0
Aggregatibacter_actinomycetemcomitans	0.00639260972236918	0.00111824061947435	0.00502828268169668	0.00705779379967437	0.0016029793415322	0.00568396670689932	0.00521477257744291	0.00326051804722951	0.00245686911433995	0.000753261870871981	0.00411440410636859	0.000882288253536672	0.00100002657289388	0.00289233295139006	0.00628422458044304	0.00449200454320365	0.00277774125512295	0.00611966880174973	0.00259497900508122	0.00553089311200002	0.00570438455756134	0.0203881031771877
Alloiococcus_otitis	0	0	2.79424151891363e-05	0	0	0	0	0	0	0	0	0	0	0	0	0	0	0	0	0	0	0
Alloprevotella_rava	0.0062504090181546	0.00296955645796854	0.000830610825702876	0.00656205456098643	0.00207605218171465	0.000466745271500631	3.75805034895727e-05	0.000286631467505455	0.00497705376959249	8.56166498040284e-05	0.000471272468240688	0.000625392002301558	0.0133003238940509	0.000235263709230437	2.62938266964144e-05	0.00193082059055913	0.00522291151213846	0.0142821434150914	0.00396499760951124	0.000537663163880295	0.00160157520952306	0.00353220641031532
Alloprevotella_tannerae	0.00265410733737285	0.00151372295029819	0.0155851074137988	0.0258637421760356	0.000317289445229897	0.00784118102600239	6.05109801950747e-05	0.00135622300064339	0.00946906527040824	0.000178642432764175	0.00912248849237331	0.000238779449314442	0.00475241444266308	0.000390437645105832	7.88814800892432e-05	0.00118331367970414	0.0031652251389644	0.00974691454460241	0.0020671344335158	0.000228577219408796	0.00481384142442024	0.0566072038630511
Alloscardovia_omnicolens	0.000170946653023554	0.000652832427258476	0	1.48350894370454e-05	7.1851116855668e-05	0	0	0.000184506241553393	0.000188815988078588	0.0116792635650938	1.52023376851835e-05	8.69606492192202e-05	9.86149617202701e-05	6.46178853205457e-05	0.000226905985935724	0	2.04956545345282e-05	0	0	2.30829211718242e-05	0	0
Anaerococcus_lactolyticus	5.32105860931993e-05	0	3.87588339720278e-05	2.34888916086553e-05	0	0	0	0	1.46982505689919e-05	0	0	0	1.86010257137036e-05	2.54831097038772e-05	0	2.45755696719448e-05	0	1.71848148726761e-05	1.67290189486956e-05	0	0	7.99141721790797e-05
Anaerococcus_prevotii	0	0	1.62246281743372e-05	1.73076043432197e-05	0	0	0	0	1.92207892056048e-05	0	0	0	0	0	0	1.47453418031669e-05	0	0	0	0	0	0
Anaerococcus_tetradius	1.92659018613308e-05	1.60485583522716e-05	2.02807852179215e-05	2.1016376702481e-05	2.44802477782586e-05	0	0	0	0	0	1.9545862738093e-05	1.95661460743245e-05	1.68294994552557e-05	2.32078320517453e-05	0	2.21180127047503e-05	3.59640730511533e-05	1.78097172316825e-05	3.80805299753203e-05	0	0	0
Anaeroglobus_geminatus	0.000243423140978084	0.000417835679957357	0.00016675312290291	0.00472621224315206	0.000212374097608788	0.000879769487836018	7.26131762340896e-05	0.00026144057843728	0.000656898736968022	0.000436315619193606	0.00025409621559521	0.000415961772098603	0.000272224535048171	0.000354033202671722	0.000119782988283666	0.000157283645900447	0.000159324710721238	0.000159662552726137	0.000545674183866006	0.000293884996382737	0.000134633292569364	0.000281697456931256
Arcanobacterium_haemolyticum	0	0	0	0	1.49424889036124e-05	2.58140135209617e-05	0	0	0	1.81112143816214e-05	0	0	0	1.86572767474815e-05	0	2.86714979506023e-05	0	0	0	4.22248558021174e-05	0	0
Atopobium_minutum	0	0	0	0	0	0	0	0	1.46982505689919e-05	0	0	0	0	0	0	0	0	0	0	0	0	0
Atopobium_parvulum	0.0080626270249839	0.0122341599296156	0.00329540225585427	0.00511316082596833	0.014381986607079	0.00367117132830541	0.0152277474055121	0.0124422566951596	0.0145444842553471	0.0182239978529979	0.0115407460655807	0.0327222052930773	0.0254804526840099	0.0084549317553221	0.00312506999514051	0.0156140881910701	0.00639116382060656	0.00458209654741447	0.0220175901231872	0.0139448993781686	0.000784659658255826	0.000839098807880337
Atopobium_rimae	0.000203362297425158	0.000394336005227245	0.000174414752874125	0.00295341905542513	0.000103007795846179	0.00253116867713646	0.00488801328438951	0.000176336223477228	0.0010006116733506	0.00298176447682876	0.00151154671841253	0.000398569642254759	0.000590804007192397	0.000241634486656407	0.000487896562033467	0.000176944101638003	0.000420740983652202	0.000410873301046711	0.00130332264730562	9.62726712288278e-05	0.000402497447577162	0.00039157944367749
Atopobium_vaginae	0	4.81456750568148e-05	8.42779296833629e-05	4.94502981234848e-05	1.84396671576493e-05	1.67442249865697e-05	1.91087305879183e-05	1.77017058316908e-05	2.14820585239112e-05	3.70456657805892e-05	2.93187941071396e-05	3.76829479949954e-05	6.28891821749028e-05	2.59381652343035e-05	0	0	0	0	4.77657514719335e-05	2.92759000228014e-05	0.000103078614623419	0.000469495761552093
Bacillus_anthracis	0	0	0	0	0	0	0	0	0	2.38738735030464e-05	0	0	0	0	0	0	0	0	0	1.6889942320847e-05	0	0
Bacillus_subtilis	0	0	0	0	0	0	0	0	0	0	0	0	0	0	0	0	0	0	0	0	0	0
Bacteroides_pyogenes	9.02133499855965e-05	4.47066982670423e-05	0.000104108030785331	0.000112499428230928	7.34407433347757e-05	6.06978155763153e-05	2.2930476705502e-05	4.22117600601858e-05	6.44461755717337e-05	2.8813295607125e-05	4.66928943187778e-05	5.9060774261387e-05	0.000119578022445238	7.41740514594996e-05	0	6.88115950814455e-05	0.000110985902856785	0.000105920949851586	7.06580931912012e-05	8.38867135268733e-05	0.000105182259819816	0.000295682437062595
Bifidobacterium_breve	0	0.000200033816605099	0	0	2.79774260322955e-05	0	0	0	0	5.51568801622106e-05	0	5.68867580309065e-05	0	3.41291647819783e-05	0	0	0	0	0	0	0	0
Bifidobacterium_dentium	0.000319569324525248	0.000107754606079538	0	0	0	2.37209853976405e-05	0	1.77017058316908e-05	0.000130022985802621	0.000759847767010752	0	0	2.80491657587595e-05	0	0	0	0	9.0923293235432e-05	0.000734095765709209	0	0	0
Bifidobacterium_longum	2.07949416915951e-05	0.00273570603626401	0	0	0.000158326797319127	0	0	0	9.27120420505642e-05	0.000746675974733209	0	0	0	0.000575645245989368	0	0	0	0	0	3.82838692605865e-05	0	0
Bifidobacterium_scardovii	0	0.000129534792414764	0	0	0	0	0	0	0	3.45759547285499e-05	0	0	0	3.54943313732575e-05	0	0	0	0	0	0	0	0
Brochothrix_thermosphacta	0	2.12070235369303e-05	0	0	0	0	0	0	0	0	0	0	0	0	0	0	0	0	0	0	0	0
Bulleidia_extructa	8.50146145626977e-05	0.000223533491335211	0.00036054729276305	0.00121771359129081	0.000281681812097884	0.00100814187939972	5.22305302736434e-05	6.8764318807722e-05	0.00119734210404326	0.000111136997341768	0.000610265269933794	0.00027356370900213	0.000194572634052868	0.000132876214884502	6.91430257572379e-05	9.66639073763163e-05	0.000315942448202067	0.000222777690985783	0.000210653567551338	6.08037923550491e-05	6.52130010882858e-05	0
Campylobacter_concisus	0.00313606069187217	0.00445748708234343	0.00365234407568969	0.00473610230277676	0.00811408939995733	0.00344024055869897	0.0082657998946472	0.00955755947943368	0.00727789530096929	0.00941289205633905	0.00918004019932436	0.00358060473160139	0.00708787656005031	0.00849770697518218	0.00455370124564569	0.00689385688580839	0.00581419180993645	0.00402155913138572	0.00769578895374074	0.0124096036212036	0.00147886257306661	0.00588368092668474
Campylobacter_curvus	9.84701650690239e-05	0.000189716886235782	0.000114023081336314	0.000175548558338371	0.000145609785486265	7.88373926450992e-05	0.000446507338071025	0.000170889544759784	0.000237433278422177	0.000317769488695721	0.000180256289695747	6.92061833369627e-05	0.000112491917411446	0.00014698293632772	8.86199344212485e-05	0.000118372327253201	0.000123747348133001	9.68598656459928e-05	0.000139995474360137	0.000224636232867265	0.000124816281652848	0.000353620211892428
Campylobacter_gracilis	0.000147705247603536	0.000964632989531181	0.000547581200883882	0.00288666115295843	0.00022095808059597	0.00111000258140135	0.00375231772978089	0.000353353281794136	0.00114985544835883	0.00347076726513254	0.000648271114146753	5.83361021845602e-05	0.000261300123121075	0.000462791474443626	0.000530745761094291	0.000237563840162133	0.000219651542936076	0.000490235900640525	0.00133788127855489	0.000270239077133552	0.000626185053460637	0.0014584336422682
Campylobacter_showae	0.00190059650901858	0.000938267500809592	0.00214255228724442	0.00470025083663723	0.000603740136765104	0.00117558412926542	0.00126818275335151	0.000454797672906518	0.00287068139959003	0.000544159668465988	0.000693878127202303	0.000152543472172049	0.000380582891189905	0.000488274584147504	0.000192821395773706	0.000343238789751496	0.000452064531148368	0.00326573972816747	0.00103301692008195	0.000537663163880295	0.00411543121921666	0.00983144103233128
Campylobacter_sputorum	4.2201499315296e-05	0	0	3.46152086864394e-05	2.38443971866155e-05	0	0	0	4.63560210252821e-05	2.05809254336607e-05	2.38893877910026e-05	0	2.18488238541916e-05	0	0	0	2.08823649974438e-05	1.62474613341665e-05	0	1.46379500114007e-05	0	0
Campylobacter_ureolyticus	7.43113357508472e-05	1.89143723437487e-05	3.69560975082126e-05	2.34888916086553e-05	2.03472189325785e-05	1.60465489454627e-05	0	0	4.86172903435886e-05	0	2.17176252645478e-05	0	2.45061132418635e-05	2.27527765213189e-05	0	0	2.55228905524314e-05	2.65583502577722e-05	0	0	0	0
Capnocytophaga_gingivalis	0.00261374068585387	0.0012752872262073	0.00395340106514684	0.00418720399360608	0.000496599312073245	0.000495349989186021	0.000243317836152827	0.000471137709058848	0.00179883974271278	0.000384451687100781	0.000369199629497313	0.000118483884561188	0.00012371158371495	0.000217061488013382	6.71953348908368e-05	0.000246984475203045	0.00159247368628655	0.00397312919856272	0.00122341956995856	9.28946827646584e-05	0.00615035733919736	0.0230232730047929
Capnocytophaga_granulosa	0.000561769233639121	0.00100590071100845	0.00077202189062888	0.00568925679910693	0.000269282725560844	0.000755583152518959	0.000319115800818236	0.000584156292445797	0.00227596756887544	0.000622367185113899	0.000334451429074036	4.1668644417543e-05	5.96413840344149e-05	0.000202499711039738	8.27768618220453e-05	0.000102398206966437	0.000208823649974438	0.000812997969067333	0.00193242180724472	2.5897911558632e-05	0.00730876462734627	0.0115396064626591
Capnocytophaga_haemolytica	0.000119876722692725	7.3364838181813e-05	0.000187033908120832	0.000474722861985454	3.05208283988678e-05	0.000168139925906804	0.000177074236781376	0.000216505479018372	0.000299618184675604	0	0.000138992801693106	1.77544658822575e-05	7.49946116076306e-05	4.59606085730642e-05	0	7.24979305322372e-05	4.71786764757065e-05	0.000341509139197	0.000174774224279794	0	0.000389174361333318	0.00106485634428624
Capnocytophaga_ochracea	0.00234157159606682	0.00131025015690332	0.00455100820290159	0.00927316715560649	0.000781778302425166	0.00182372517145389	0.00262108087897613	0.00121597102366922	0.00439477692012858	0.000579558860211885	0.00250729983679205	0.00018877707601339	0.000308245568969946	0.000794526956124456	0.000372008955482604	0.000215036234629517	0.000708066857598513	0.00439431338853304	0.00312700583138382	0.00013286754625733	0.00480893291896198	0.020364128925534
Cardiobacterium_hominis	0.00036880440705976	0.00027741079437498	0.000291592623022116	0.00138955337726992	0.000152922067290161	0.000385814850732211	0.00112614118931465	0.000202888782224764	0.00187911480351266	0.00028566324501921	0.000355083173075357	1.5580449651777e-05	0.000180400423985285	0.000366319701993234	6.23261077248341e-05	0.000120829884220395	0.000154684185166251	0.000624277456647399	0.000381025418423581	3.32168865643324e-05	0.00464134251831574	0.00286092736401105
Cardiobacterium_valvarum	0.000290211759784173	0.000158192932329534	0.000113121713104407	0.000356042146489091	2.70236501448309e-05	0.00022395400919537	0.000393639850111117	0.000126635280180557	0.000921467247209876	4.85709840234392e-05	0.000122704582744695	0	5.52125683882949e-05	0.00011057849389361	2.04507540972112e-05	3.0719462089931e-05	8.12091972122816e-05	0.000220278081549758	0.000219238195696064	2.19569250171011e-05	0.000973987725931494	0.00104887350985042
Catonella_morbi	0.00362107212603203	0.00366021762991451	0.00475021058215318	0.00874157645077903	0.00481593238110468	0.00480698792322773	8.66262453318964e-05	0.00247483464223831	0.00665378496911671	0.000927788118549423	0.00780422863881526	0.0026787503319904	0.00158374447505248	0.00431028598419865	0.000203533695538911	0.0038755673372657	0.00703078292626901	0.00357381659115763	0.00325445454153243	0.00562153580245523	0.00107426148029305	0.00235946593358733
Centipeda_periodontii	0.00050519475991934	0.00566972640073823	0.000469162164707918	0.00769941141782659	0.00252655232589378	0.00200163256193619	0.000795560150143666	0.0006222830434679	0.00560455600542252	0.00589273057016573	0.00381252911519137	0.000854388378578838	0.00837695716744761	0.00139793058946983	0.000514190388729882	0.00285977712415865	0.000885566960076785	0.00114794563349477	0.00661324533282383	0.00103366447003583	0.00174672672807441	0.000565392768166989
Comamonas_testosteroni	0	0	0	0	0	0	0	0	0	0	0	0	0	0	0	0	0	0	0	0	0	0
Corynebacterium_aurimucosum	0	0	0	0	0	0	1.40130690978068e-05	0	0	0	0	0	0	1.95673878083343e-05	0	0	0	0	1.58485442671853e-05	0	0	0
Corynebacterium_diphtheriae	0	0	0	0	0	0	0	0	0	0	0	0	0	0	0	0	0	0	0	0	0	0
Corynebacterium_durum	0.000786843896654033	0.00119447127164764	0.000814386197528538	0.00296701788740909	0.000275005380885632	0.000560931537050086	0.000798107980888722	0	0.00017185646819129	0	0.00149308673693766	0.000201821173396274	0.00103752387869769	0.000503746472182	0.000618391850082339	0.000661082824175316	0.000699945937877284	0.00184127480081237	0.00206559360282315	0.000332168865643324	0.00572471979445984	0.00391179872816595
Corynebacterium_kroppenstedtii	0	2.92313027130661e-05	0	0	0	0	0	0	0	0	0	0	2.03725519721516e-05	0	0	0	0	0	0	0	0	0
Corynebacterium_matruchotii	0.00141680830672294	0.00544504658380643	0.00132365924855635	0.0168044475598132	0.00108571488523056	0.00459977813901893	0.0215132458535647	0.000188591250591475	0.00565656519974357	0.00333987257937446	0.00469209293840556	6.3408806722348e-05	0.00141220168235944	0.00225707543091483	0.000482053489434264	0.0013381397686374	0.00105881324746299	0.0012682393376035	0.0137314428954938	0.000211124279010587	0.00544703862853553	0.0144844437074582
Corynebacterium_simulans	0	0	0	0	0	0	1.40130690978068e-05	0	0	0	0	0	0	0	0	0	0	0	0	0	0	0
Corynebacterium_urealyticum	0	0	0	0	0	0	0	0	0	0	2.93187941071396e-05	0	0	0	0	0	0	0	0	0	0	0
Cronobacter_sakazakii	0	0	0	0	0	0	0	0	0	0	0	0	0	0	0	0	0	0	0	0	0	0
Cryptobacterium_curtum	2.84401408429168e-05	0.000209777584176121	0	3.83239810457007e-05	0	2.02326051921051e-05	0	0	5.0878559661895e-05	0.000431376197089528	3.90917254761861e-05	1.44934415365367e-05	0	0	7.88814800892432e-05	0	3.90577567544783e-05	2.74957037962818e-05	6.64758384540273e-05	0	0	0
Cutibacterium_granulosum	0	0	0	0	0	0	0	0	0	5.43336431448642e-05	0	0	0	0	0	0	0	0	0	0	0	0
Delftia_acidovorans	0	0	0	0	0	3.06977458087112e-05	0	0	0	0	0	0	0	0	0	0	0	0	0	0	0	0
Desulfomicrobium_orale	0	0	0.000661604282220196	0.00413280866567024	0	0	0	0	2.60045971605241e-05	0	0	0	0	0	0	0	0	3.59318856428683e-05	1.43077135745423e-05	0	0.000957158564360324	0.000303673854280503
Desulfovibrio_fairfieldensis	0	0	0	2.22526341555682e-05	0	0	0	0	0	0	0	0	0	0	0	0	0	0	0	0	0	0
Dialister_invisus	0.00101681148712579	0.000404079772798267	0.0015778450899543	0.00268885996046449	0.000482610599057097	0.00185791129746813	0.000254146116819314	0.000172251214439145	0.00136015349496133	0.000540043483379256	0.000886079110793551	0.000314145345304433	0.000246537404300675	0.000371780368358351	0.000187952168607703	0.000192099036269035	0.000539461095767299	0.000542102796438057	0.000846796524942527	0.000187478359761401	0.000832342282707476	0.000731214675438579
Dialister_micraerophilus	0.000348621081300271	0.000561699542329506	0.000129797025394698	0	6.16775073893787e-05	0	2.16565613329741e-05	5.78709613728354e-05	6.55768102308869e-05	0.000166293877503978	1.9545862738093e-05	4.23933164943698e-05	4.84217177309111e-05	3.3674109251552e-05	2.82415175628155e-05	0	0	0	2.90556644898398e-05	3.32168865643324e-05	0	0
Dialister_pneumosintes	0.000499996024496441	0.00020748493298294	0.000260495419021303	0.000940791921799299	9.72851405213911e-05	0.000535117523529124	6.62435993714502e-05	0.000230122175811981	0.000264568510241854	0.000175349484694789	0.000169397477063473	0.000292767519038041	5.93461296580069e-05	0.000130145881701944	6.71953348908368e-05	6.71732237699825e-05	5.10457811048627e-05	0.000100296828620528	0.000316970885343707	0.000146379500114007	0.000226492466145337	0.00034562879467452
Dolosigranulum_pigrum	0	1.83412095454532e-05	2.83930993050902e-05	0	0	0	3.88544188621006e-05	1.42975316332887e-05	1.92207892056048e-05	1.64647403469285e-05	0	3.2972579495621e-05	5.4031550882663e-05	3.18538871298465e-05	0	0	2.93899951815876e-05	3.56194344633651e-05	0	1.57639461661238e-05	0	0
Eggerthella_lenta	0	2.80849771164753e-05	0	1.60713468901326e-05	0	0	0	0	0	0	0	0	0	0	0	0	0	0	1.76094936302059e-05	0	0	0
Eggerthia_catenaformis	0.000471555883653524	0.000231557770511347	0.000387137655604325	0.000733100669680662	0.000161188124981521	0.000489768580857165	0.000103824102861023	0.000159996187324898	0.000632024774466651	0.000143243241018278	0.00029535970359785	0.000146746095557434	0.000171838047069453	0.00012058971556299	6.91430257572379e-05	0.00012615459098265	0.000106345377301797	0.000254960162474613	0.000162007341397894	0.000162706444357493	5.89020654990968e-05	5.79377748298328e-05
Eikenella_corrodens	0.000371250870788183	0.000460822889829513	0.000345674716936574	0.00130919664281926	0.000156737170840019	0.000391396259061068	0.000409563792267716	0.000145017820851929	0.000732651259131288	0.000269198504672282	0.000242151521699708	5.25387255699455e-05	7.97186816301585e-05	0.000394078089349243	2.82415175628155e-05	0.000124516219671187	0.000268377061263445	0.000723324480549914	0.000171912681564885	3.43428827190555e-05	0.0038468658491434	0.00176610320515766
Enterobacter_hormaechei	0	0	0	0	0	0	0	0	0	0	0	0	0	0	0	0	0	0	0	0	0	0
Enterococcus_casseliflavus	0	0	0	0	0	0	0	0	0	0	0	0	0	1.45617769736441e-05	0	0	0	0	0	0	0	0
Enterococcus_faecalis	0	2.23533491335211e-05	2.25342057976906e-05	0	1.81217418618278e-05	1.46511968632485e-05	1.52869844703347e-05	1.70208709920104e-05	2.0351423864758e-05	1.81112143816214e-05	3.25764378968217e-05	2.02908181511514e-05	3.10017095228394e-05	2.45729986430244e-05	0	1.92508629096901e-05	2.9003284718672e-05	1.74972660521793e-05	1.6508900278318e-05	2.70239077133552e-05	0	0
Enterococcus_italicus	0	2.40728375284074e-05	2.56889946093673e-05	0	2.13009948200432e-05	1.60465489454627e-05	0	0	1.69595198872983e-05	1.48182663122357e-05	2.60611503174574e-05	3.65959398797552e-05	1.59437363260317e-05	3.23089426602728e-05	3.21368992956176e-05	1.72028987703614e-05	1.70152603682876e-05	1.65599125136697e-05	1.71692562894508e-05	2.70239077133552e-05	0	0
Enterococcus_saccharolyticus	2.47704452502824e-05	1.77680467471578e-05	2.65903628412749e-05	0	0	1.46511968632485e-05	0	2.4510054228495e-05	0	2.55203475377392e-05	0	0	1.44674644439917e-05	1.63819990953496e-05	2.72676721296149e-05	0	2.66830219411782e-05	1.93719731291986e-05	1.43077135745423e-05	3.26538884869708e-05	0	0
Escherichia_coli	0	0	0	0	0	0	0	0	0	0	0	0	0	0	0	0	0	0	0	0	2.17376670294286e-05	7.99141721790797e-05
Eubacterium_limosum	0	0	0	0	0	0	0	0	1.92207892056048e-05	2.46971105203928e-05	0	0	0	0	0	0	0	0	0	0	0	0
Filifactor_alocis	0.000753205020388217	0.00194760718860782	0.00574667316252706	0.0109890925004914	0.000377059400844346	0.00291837887995088	7.38870916066175e-05	4.62967690982683e-05	0.00524727545313011	9.96116790989177e-05	0.000230206827804207	8.73229852576336e-05	0.00012075903995087	6.64381074422512e-05	0	9.13392006140616e-05	0.000217331280158582	0.00103608811123262	0.000249834690878546	5.40478154267103e-05	0.00185962235361434	0.00208975560248293
Finegoldia_magna	0.000100610820831394	0.000119791024843741	0.000119881974843714	9.2719308981534e-05	9.02907840133173e-05	6.34885197407436e-05	5.60522763912271e-05	7.89768414029283e-05	0.000135676159098387	6.09195392836356e-05	0.000223691540224843	6.52204869144151e-05	0.000106291575506878	0.000109668382832757	5.06399625264277e-05	0.00010690372807296	8.54630123043535e-05	0.000175910014060303	7.30793985653546e-05	0.000205494298236972	2.17376670294286e-05	0
Fusobacterium_necrophorum	0.000106726980152451	0.000141571211178967	0.000188385960468693	0.000320190680349564	0.000171997585039453	0.000124186335317059	5.35044456461713e-05	4.0850090380825e-05	0.000202383603988427	5.84498282315963e-05	0.000107502245059512	4.63790129169174e-05	8.14902078886064e-05	7.14437182769413e-05	3.11630538624171e-05	0.0001040365782779	0.000123747348133001	0.000263083893141697	0.000313228867947288	5.51738115814334e-05	0	4.79485033074478e-05
Fusobacterium_periodonticum	0.0424923226910122	0.0155659552761068	0.10593149871848	0.0362248158903588	0.039914249189211	0.0294021614003754	0.00150449405495544	0.00233662516978319	0.0283755380407684	0.0027537278230238	0.0235527645994021	0.00475493583209928	0.0111015645529406	0.0205635043644376	0.00319226533003135	0.0421552938439427	0.0445227490164019	0.0597690985783471	0.0212443132341508	0.0109914114643299	0.00572822586978717	0.00850286791985408
Gardnerella_vaginalis	0.00103301930932659	3.78287446874973e-05	3.28999404646283e-05	2.84339214210038e-05	2.13009948200432e-05	2.44186614387475e-05	3.56696304307809e-05	5.31051174950725e-05	4.63560210252821e-05	4.52780359540535e-05	7.05822821097804e-05	4.78283570705711e-05	8.00139360065665e-05	4.14100532688004e-05	2.82415175628155e-05	5.11991034832184e-05	4.02178881432252e-05	3.74941415403843e-05	4.11621913606063e-05	4.672884042101e-05	2.80486026186175e-05	0
Gemella_bergeri	0.000407030402816369	0.0005124075416761	0.000466458060012196	0.00037334975083231	0.000227634511808222	0.000496047665227128	0.000142678521723123	0.000418713426403456	0.000548357809689313	0.000101258153133611	0.000536425344034331	0.000147108431595847	0.000239746553643291	0.000174286268153303	5.16138079596283e-05	0.000412459977660807	0.000293899951815876	0.00047898765817841	0.00031939219071786	0.0001655214347443	9.60664639687651e-05	0.000143845509922343
Gemella_haemolysans	0.00651829679641691	0.00563476347004221	0.0061658093903641	0.00397580396912818	0.00247727390504144	0.00436814969337138	0.00110257375492289	0.0125804661676147	0.00138163555348524	0.000852873549970899	0.0121075760849854	0.00996786441675311	0.0100522304991866	0.00449958908485603	0.000563856505823109	0.00381003248480718	0.00635558645801833	0.00881768473675988	0.00352586086210798	0.00124872973558795	0.00639017289158654	0.00406163780100172
Gemella_sanguinis	0.0277924395708169	0.0598146964673111	0.080110453663138	0.0196923449702247	0.031291797241235	0.0949732441238235	0.0111333833982075	0.054467468009273	0.0148384492667269	0.00378524380575887	0.0346276676030583	0.0121578234329238	0.0179806962688704	0.0303585746568654	0.00331886523634742	0.0678719891343215	0.0450417144576347	0.0602002812060616	0.0164507889493384	0.0195123873651971	0.000870207896242609	0.00110481343037578
Granulicatella_adiacens	0.0211912688155996	0.0275530820396571	0.0323676825236868	0.0115614797012707	0.0131001118143265	0.0176819015858176	0.0281420644945136	0.0408310270053139	0.0149209855968451	0.0129470485718073	0.0209857412931326	0.0230645005252061	0.0249209456407168	0.0248924476253837	0.025145662930671	0.0338712789003579	0.0418768760291332	0.0302487111388846	0.0215615042381649	0.0478216196891688	0.0100932896523095	0.00545214439691771
Granulicatella_elegans	0.00111833973185534	0.000973230431505613	0.00204385246585054	0.00389791974958369	0.000610416567977356	0.00069348998486043	0.000700653454890338	0.00175587305153579	0.000693079046060925	0.000425613537968103	0.0028265489281809	0.00330957737486815	0.00420648910068469	0.00122728476555994	0.000595993405118726	0.00103176433339382	0.00223750673842982	0.000922355881893454	0.000586616256556235	0.00103816845465473	0.00533835029338838	0.00330245316530047
Haemophilus_influenzae	0.019787916059383	0.00233621156585211	0.0188683411985223	0.0104908807468973	0.00798755513222036	0.0131595654873616	0.00561732983516172	0.0169800209016296	0.00235624262967532	0.00237339232100975	0.00954055277871586	0.00537779148213194	0.00407480564880673	0.0147287823533106	0.0277662809914136	0.0166532251953655	0.0131640108681108	0.0220840493672864	0.00209927175939092	0.0273555135809211	0.0224304675141084	0.01814451279326
Haemophilus_sputorum	0.00829504107918408	0.00164325774271295	0.00941298844581132	0.00810614011989225	0.00549279533590874	0.00491443003355822	0.00221024317133588	0.00836609850999295	0.001261788279615	0.00106197575237689	0.0114723355459974	0.00194719387043371	0.00231981363543761	0.00818462877024883	0.0119510311562369	0.00719818435691264	0.00703194305765776	0.0132485549132948	0.00146555010737389	0.0112419456087557	0.0125622678978133	0.0118053210851545
Johnsonella_ignava	0.000456265485350881	0.000909036198096526	0.00100727899915677	0.00243048215276928	0.0004088519304265	0.000872792727424947	0.000309561435524277	0.000217186313858053	0.00100174230800976	0.000391037583239553	0.000726454565099125	0.000171022610131133	0.000893144488634183	0.000256196263630051	3.31107447288181e-05	0.000201929264137813	0.000338371655051173	0.00102640212466802	0.000537309674391658	9.23316846872968e-05	0.000197041433395788	0.000663287629086361
Jonquetella_anthropi	0	2.40728375284074e-05	1.84780487541063e-05	6.67579024667045e-05	0	0	0	0	4.0702847729516e-05	0	0	0	0	0	0	0	0	0	0	0	0	0
Kingella_denitrificans	0.000289294335886014	0.000289447213139184	0.00104558714901284	0.000332553254880435	3.78331102027632e-05	9.00002093028123e-05	0.000821675415280488	4.01692555411446e-05	7.91444261407256e-05	1.48182663122357e-05	0.000136821039166651	0.000121744908906908	0.00012075903995087	7.14437182769413e-05	5.8430725992032e-05	0.000146634232375937	8.00490658235347e-05	0.000383065146070926	0.000114901945937094	0.000161580448202769	0.00892015684778584	0.00272707112561109
Kingella_kingae	0.000101528244729553	2.23533491335211e-05	6.57998809292566e-05	5.93403577481818e-05	2.51160983699016e-05	3.00000697676041e-05	2.2930476705502e-05	4.62967690982683e-05	2.60045971605241e-05	0	5.5379944424597e-05	0	0	9.23762726765547e-05	5.94045714252325e-05	5.32470676225471e-05	5.72331485115128e-05	9.34229026714576e-05	1.40875949041647e-05	3.82838692605865e-05	0.00048734447049848	0.000575382039689374
Kingella_oralis	0.000533634900762257	0.000206911770184644	0.000305113146500731	0.00123131242327477	0.000116678583566505	0.000406047455924316	0.00119939132323501	0.000599134658918766	0.000212559315920806	0.000684933198432227	0.000466928943187778	0.00027138969277165	0.000141426846299429	0.000475988084825991	0.000381747409814609	0.000201519671309947	0.000192968520994898	0.000403374472738635	0.000926699602289586	0.00019761232515391	0.00131688189294409	0.000655296211868453
Klebsiella_pneumoniae	0	0	0	0	0	0	0	0	0	0	0	0	0	0	0	0	0	0	0	0	0	0
Kluyvera_ascorbata	0	0	0	0	0	0	0	0	0	0	0	0	0	0	0	0	0	0	0	0	0	0
Kocuria_rhizophila	0	0	0	0	0	0	0	0	0	0	0	0	0	0	0	0	0	0	0	0	0	0
Lachnoanaerobaculum_saburreum	0.00743786135033789	0.016792523664459	0.0118390210419907	0.0125282330295849	0.0219508341247024	0.00780141349165928	0.0261681326247816	0.00338238748353231	0.0126371035853556	0.0030640881785634	0.0115917824849524	0.0204234331412107	0.021330947677972	0.0133258461530061	0.000987479269265341	0.015940943267707	0.0139904111273615	0.0138843930635838	0.0210477472615036	0.00456760340163438	0.0010672493296384	0.00253727496668578
Lactobacillus_acidophilus	1.95717098273836e-05	0.000170802513892033	0	0	0	0	0	0	0	0.000847110890849474	0	0	0	0	0	0	0	0	0	0	0	0
Lactobacillus_coleohominis	0	0	0	0	0	0	0	0	0	1.48182663122357e-05	0	0	0	0	0	0	0	0	0	0	0	0
Lactobacillus_crispatus	0	2.46460003267028e-05	0	0	0	0	0	0	0	0.000116899656463193	0	0	0	0	0	0	0	3.74941415403843e-05	0	0	0	0
Lactobacillus_fermentum	0	0	0	0	0	0	0	0	0	0.000292249141157982	0	0	0	0	0	0	0	0	0	0	0	0
Lactobacillus_gasseri	0	0	0	0	0	0	9.23588645082719e-05	0	0	0.00192143519848656	0	0	0	0	0	0	0	8.09248554913295e-05	0	0	0	0
Lactobacillus_iners	0	0	1.53232599424296e-05	1.48350894370454e-05	2.0029293636757e-05	2.44186614387475e-05	0	0	0	1.39950292948893e-05	2.38893877910026e-05	0	0	0.000111488604954463	0	0	0	0	1.43077135745423e-05	0	0	0
Lactobacillus_jensenii	0	0	0	0	0	0	0	0	0	5.10406950754785e-05	0	0	0	0	0	0	0	0	0	0	0	0
Lactobacillus_panis	0	0	0	0	0	0	0	0	0	2.96365326244714e-05	0	0	0	0	0	0	0	0	0	0	2.17376670294286e-05	0
Lactobacillus_paracasei	0	0	0	0	0	0	0.000357970219680336	0	0	3.37527177112035e-05	0	0	0	0	0	0	0	0	0	0	0	0
Lactobacillus_parafarraginis	0	0	0	0	0	0	0	0	0	0	0	0	0	0	0	0	0	0	0	0	0	0
Lactobacillus_plantarum	0	0	0	0	0	0	0	0	0	2.22273994683535e-05	0	0	0	0	3.60322810284197e-05	0	0	0	0	0	0	0
Lactobacillus_rapi	0	4.24140470738606e-05	0	0	0	0	0	0	0	0	0	0	0	0	0	0	0	0	0	0	0	0
Lactobacillus_rhamnosus	0	0	0	0	0	0	0	0	0	4.11618508673214e-05	0	0	0	0	0	0	0	0	0	0	0	0
Lactobacillus_salivarius	4.40363471116132e-05	0.000123803164431809	4.95752527549193e-05	3.0906436327178e-05	4.64170931899448e-05	6.62792239051719e-05	2.61152651368217e-05	5.99134658918766e-05	4.74866556844353e-05	0.002892031641938	0.000143336326746016	5.18140534931187e-05	0.000116920733057566	8.09998844158953e-05	0.000157762960178486	6.75828165978483e-05	5.87799903631753e-05	0.000116856741134198	4.86462261534438e-05	0.00011147361931759	6.66154312192167e-05	0
Lactobacillus_vaginalis	0	9.91571641051066e-05	0	0	0	0	0	0	0	0.000635538977391442	0	0	0	0	0	0	0	9.37353538509608e-05	0	0	0	0
Lactococcus_lactis	0	1.94875351420441e-05	0	0	0.00104279497029465	5.65117593296729e-05	2.80261381956135e-05	0.000108933574348867	1.80901545464516e-05	9.54954940121855e-05	3.0404675370367e-05	0	0.000149693968838853	0.000523768915520761	0.000275598257595751	0	4.44717032352971e-05	0	0	0	0	0
Lautropia_mirabilis	0.00107797308033636	0.000123230001633514	0.00222592884869588	0.000819638691396761	0.000247345880149158	0.000630699141160793	0.00312300353575212	0.00547731628522895	0.00268412668082975	0.000219804283631496	0.00232378590330662	0.000617420609456463	0.000702410161474618	0.00163774485400453	0.000171396796243294	0.000101169428482839	0.000500790049475737	0.00184689892204343	0.000386748503853397	0.000181848378987786	0.0335671651838305	0.0214349788327336
Lawsonella_clevelandensis	0	0	0	0	1.49424889036124e-05	0	0	0	0	0	0	0	0	0	0	0	0	0	0	0	0	0
Leptotrichia_buccalis	0.000971551908149966	0.00312545673910489	0.00111544318698568	0.00756960438525244	0.00598557954443213	0.00243558705950479	0.00112677814700092	6.74026491283612e-05	0.00666283004638994	0.00075573158192402	0.00351065412401416	0.000431904557788794	0.00338272939050639	0.00126004876375064	0.000155815269312085	0.00101619980593492	0.000717347908708488	0.00164318075300734	0.0100374113692174	0.000325412888714985	0.00039197922159518	0.00183802596011883
Leptotrichia_goodfellowii	0.00409018154595713	0.00165987946386352	0.00500755121236281	0.00571027317580941	0.00219209491468952	0.00117907250947095	0.00172934011820661	0.00014706032537097	0.00327318733824858	0.000349875732372232	0.00249101161784364	0.000296028543383762	0.00188578970211786	0.00153945285943244	0.000247356740032935	0.00300477298522312	0.0016852841973863	0.00465239806280269	0.00298150739026424	0.000366511748362379	0.000392680436660646	0.0015283585429249
Leptotrichia_wadei	0.00228438550641493	0.0214196669350979	0.00127588673226524	0.0139857805667746	0.0536142860367528	0.00394117195621385	0.00356951087382314	0.000200846277705723	0.0148327960934311	0.00593224594699835	0.010157333336229	0.00396504326835803	0.0259245152661275	0.0110141640584401	0.000432387372341037	0.00570849524196492	0.00313390159146824	0.0089076706764568	0.0155518242995164	0.0009565337334373	0.000198443863526719	0.00118272974825038
Listeria_monocytogenes	0	0	0	0	0	0	0	1.42975316332887e-05	0	0	1.62882189484109e-05	0	0	1.50168325040705e-05	0	1.55645274588984e-05	1.77886812941188e-05	1.90595219496954e-05	0	1.57639461661238e-05	0	0
Lysinibacillus_fusiformis	0	0	0	2.59614065148295e-05	0	0	0	0	0	0	0	1.52181136133635e-05	0	0	0	0	0	0	0	0	0	0
Megasphaera_micronuciformis	0.00868066492437675	0.0154473105768597	0.000533609993289314	0.00699474466956693	0.0168284217584257	0.00399628836346131	0.000261152651368217	0.0137542254312238	0.0106686686437698	0.0106090554425434	0.009966218233901	0.0208209157753502	0.0105848693942266	0.00768179240912769	0.00111700071188101	0.00303180611186226	0.00239257763405898	0.00233963443211998	0.0120581007632835	0.00540027755805214	0.000114999270736332	0.000117873403964143
Methanobrevibacter_oralis	0	0	2.47876263774597e-05	0.000265795352413731	0	0	0	0	0	0	0	0	0	0	0	0	0	0	0	0	0	0
Mitsuokella_multacida	1.49845903365906e-05	0.000135266420397718	1.84780487541063e-05	0.000123625745308712	0.000130985221878474	5.72094353707799e-05	1.46500267840707e-05	1.42975316332887e-05	8.59282340956449e-05	0.000102081390150957	6.51528757936435e-05	2.60881947657661e-05	0.000864209559746199	2.95786094777146e-05	1.65553723644091e-05	4.25976540980377e-05	3.32570998107439e-05	2.4683643180753e-05	0.000236407451985514	4.05358615700327e-05	3.01522478150139e-05	0
Mobiluncus_mulieris	3.45563001639742e-05	0	0	5.19228130296591e-05	8.20247263219572e-05	1.74419010276768e-05	0	1.97442103507321e-05	7.1229983526653e-05	0	0	1.9928482112738e-05	3.18874726520634e-05	2.63932207647299e-05	0	0	0	0	2.17917483673798e-05	1.91419346302932e-05	0	0
Mogibacterium_timidum	0.00738434495627864	0.00426490438211617	0.00418730612132687	0.00979734031571543	0.00552268031371596	0.00447559180370187	0.00591224124390193	0.00216982063406149	0.00655655038842954	0.00629858641971751	0.00658261221768444	0.0032918229089859	0.00455843231736302	0.00478536395796379	0.000362270501150598	0.00821684171981475	0.00375727885768823	0.00368973597875332	0.0076814812401662	0.00372535827790148	0.000291004252168157	0.000713233986698286
Moraxella_catarrhalis	1.62078222008021e-05	0	0	0	0	0	0	0	0	0	0	0	0	0	0	0	0	0	0	0	8.13409475939909e-05	0.00161426627801741
Moraxella_lincolnii	0	0	0	0	0	0	0	0	0	0	0	0	0	0	0	0	0	0	0	0	5.04874847135116e-05	0.000465500052943139
Moraxella_nonliquefaciens	0	0	0	1.85438617963068e-05	0	0	0	0	0	0	3.25764378968217e-05	0	0	0	0	0	0	2.21840337447274e-05	0	0	0.00013533450763483	0.00216367621174858
Moraxella_osloensis	0	0	0	1.73076043432197e-05	0	0	0	0	0	0	0	0	0	0	0	0	0	0	0	0	9.04567434450416e-05	0.000377594463546151
Mycoplasma_fermentans	0	4.81456750568148e-05	0	2.59614065148295e-05	0	0	0	0	0	0	0	0	0	0	0	0	0	0	3.45586312492791e-05	0	0	0
Mycoplasma_hominis	0	0	0	2.71976639679166e-05	0	0	0	0	0	0	0	0	0	0	0	0	0	0	0	0	0	0
Mycoplasma_orale	2.26297894879123e-05	7.27916753835176e-05	0.00181941177610554	0.000441343910752102	0	2.51163374798546e-05	0	0	0.00108653990744625	0	0	0	7.88329185009345e-05	6.59830519118248e-05	0	0	0.000367761650232761	0	0.000296279730328215	0	2.66461724876867e-05	0.00142247226478762
Mycoplasma_salivarium	3.76143798245029e-05	8.94133965340846e-05	0.000276269363079687	0.000670051539573219	2.4162322482437e-05	8.86048572205982e-05	0	0.000137528637615444	0.0006139346199202	0.000165470640486632	9.12140261111009e-05	0	4.25166302027512e-05	0	0	0	1.81753917570345e-05	0.00013560381190439	5.12876501979747e-05	0	3.57619683387374e-05	0.000635317668823683
Neisseria_bacilliformis	0.000348621081300271	0.000146729676363626	4.77725162911041e-05	0.000203982479759375	2.92491272155816e-05	3.76745062197819e-05	0.000971360471552514	0.000274376440391208	0.000150374409667379	0.00180041935693664	8.90422635846461e-05	3.26102434572076e-05	4.22213758263432e-05	0.000198859266796327	9.73845433200533e-05	1.51549346310326e-05	9.55174843401598e-05	0.000226214653960319	0.000225401518466636	0.000162143446280131	0.00135264386128283	0.00125465250321155
Neisseria_elongata	0.00512106019952135	0.000511261216079509	0.000694954906800778	0.00883429575976056	0.000322694175258863	0.00038372182260889	0.00221916057894358	0.000202888782224764	0.00172308722054951	8.31469387519891e-05	0.000523394768875603	0.00021631461493281	0.000134635995642045	0.000931043615252369	0.000231775213101727	0.000240430989957193	0.000836068020823585	0.00226777066083424	0.000730793985653546	0.000187478359761401	0.046786471597985	0.0459326683142305
Neisseria_gonorrhoeae	8.31797667663804e-05	0.000112913071264197	0.000102755978437469	0.000161949726354413	9.50596634506403e-05	8.44188009739558e-05	0.000105098018233551	0.000341779089519569	0.000127761716484314	0	8.14410947420543e-05	5.65244219924931e-05	7.08610503379186e-05	0.000354943313732575	2.14245995304117e-05	0.000140490339957951	0.00034842612708698	0.000642712076238088	8.69468747991417e-05	1.6889942320847e-05	0.00421219889825089	0.00218165690048888
Neisseria_lactamica	0.000601830077192047	0.000320398004247136	0.000586790718971863	0.000488321693969413	0.000274369530293989	0.00025744245916851	0.000475170433952902	0.000256674734559517	0.000357280552292418	4.36315619193606e-05	0.000187857458538339	4.56543408400906e-05	0.000157961091378277	0.0011230770490923	3.50584355952192e-05	0.000401400971308432	0.000547968725951443	0.000673644743008905	0.000146378915801087	4.50398461889253e-05	0.00540847179993493	0.00640112519154428
Neisseria_meningitidis	0.000220487543524119	0.000236716235696006	0.000278522783659456	0.000342443314505132	0.000151332440811053	0.000353024076800179	0.000457972576423776	0.000281184788788012	0.000290573107402378	3.37527177112035e-05	0.000185685696011884	2.93492191114868e-05	9.33003829449262e-05	0.000721718071256235	0.000120756833716866	0.000437445140160618	0.000564983986319731	0.000553351038900172	0.000178956479016968	6.98117615928342e-05	0.00543231311216075	0.00389381803942566
Neisseria_mucosa	0.079897529866735	0.0253710512665465	0.0578935294830788	0.0370073668581629	0.0336485774591601	0.028650764304103	0.0313300377142646	0.0111854355811096	0.0281788076100758	0.00204739046214056	0.0103929695703494	0.000268853340502756	0.00788919693762161	0.0968308112638985	0.001087785348885	0.0391226685464247	0.0828643179935605	0.0965124199343853	0.0151578118795405	0.00248507351347395	0.320392175561813	0.193252446872059
Neisseria_sicca	0.00259997932738149	0.00262623194178959	0.00286499892511838	0.00166771130421453	0.00139696374983985	0.000778606461875493	0.00423831644440028	0.00261304411469344	0.00181919116657753	4.36315619193606e-05	0.00368113748234086	0.0023062688845014	0.00147302408389948	0.00897551528212988	0.000629104149847545	0.00188945171494469	0.00632310277913341	0.00780659271988752	0.000997577814151165	0.000184100371297232	0.0923794751545478	0.0229833159187033
Neisseria_weaveri	3.05807966052869e-05	3.61092562926111e-05	0.000235707792643844	3.0906436327178e-05	1.65321153827201e-05	0	8.98110337632161e-05	0	5.87930022759676e-05	0	2.93187941071396e-05	0	0	0.000437308364739749	0	1.92508629096901e-05	7.19281461023066e-05	9.65474144664896e-05	0	1.52009480887623e-05	0.00031975406985224	0.000289688874149164
Ochrobactrum_anthropi	0	0	0	0	0	0	0	0	0	0	0	0	0	0	0	0	0	0	0	0	0	0
Olsenella_profusa	1.43729744044849e-05	0.000236143072897711	7.52642473642866e-05	0.00141427852633167	3.37000813570832e-05	0.000384419498649997	0.00020191558654567	2.31483845491341e-05	0.000324492147176975	0.000125955263654003	0.00014550808927247	2.24648343816319e-05	7.05657959615106e-05	6.09774410771346e-05	0	1.96604557375559e-05	9.39706424884973e-05	0.00159662552726137	0.000154303187934679	0	2.66461724876867e-05	0
Olsenella_uli	6.88067923618956e-05	0.000183985258252828	7.48135632483328e-05	0.00160960720391943	0.000103961571733643	0.000341163584101358	9.87284413709113e-05	3.67650813427425e-05	0.000569839868213224	0.000178642432764175	0.000153109258115062	0.000212691254548676	0.000126368873102622	0.000107393105180625	0	0.0001040365782779	2.97767056445033e-05	0.000123730667083268	0.000399075149394542	0	4.27741189933917e-05	5.39420662208788e-05
Oribacterium_parvum	0.00479598633160715	0.00400239582049688	0.00717308838952087	0.00574736089940202	0.00696637908204158	0.0025053546636155	0.000109556722037398	0.00524038576102016	0.0131368441047013	0.00274467221583299	0.00701479296044895	0.00378025188876718	0.00733441396435099	0.0087102179078913	0.000433361217774237	0.00597718813704484	0.00691399636646849	0.00470426495860022	0.00702662819579292	0.00267142587708063	0.000727861237953125	0.000449517218507323
Oribacterium_sinus	0.00496051101734359	0.00652775110978647	0.0206562050865111	0.00554955970690808	0.00999620715122085	0.0147809646068944	0.000100639314429703	0.0135384007870451	0.0272788224213898	0.00500528106546628	0.0153532751807721	0.0134386813287152	0.0017358004789026	0.0185689959745788	0.00868962280044836	0.0133441247390382	0.010725027978502	0.00471863771285737	0.00616706478796849	0.0178712479696882	0.00234696682411282	0.000805135284704228
Parascardovia_denticolens	0	0	0	3.46152086864394e-05	0	0	0	0	0	2.96365326244714e-05	0	1.95661460743245e-05	1.94867888429276e-05	0.000102842549876361	0	0	1.93355231457813e-05	0	0	0	0	0
Parvimonas_micra	0.0135298618420771	0.00308189636643444	0.0436771497294318	0.0208643170357513	0.000901636138949886	0.00437791715794688	0.00370518286099736	0.00329183644985481	0.0114341083080165	0.00403303814798015	0.00234767529109762	0.000173196626361614	0.000741088484784066	0.00251554697219702	0.000629104149847545	0.000716377855937191	0.0153903030031161	0.00772504296203718	0.00322341780900919	0.000752165431355052	0.000825330132052821	0.00351023001296607
Peptoniphilus_asaccharolyticus	6.94184082940013e-05	3.26702795028386e-05	0.00016900654348268	5.06865555765719e-05	3.5925558427834e-05	5.09303510008163e-05	3.82174611758366e-05	2.85950632665775e-05	4.40947517069757e-05	2.14041624510071e-05	2.60611503174574e-05	2.78998749578331e-05	4.01545951914872e-05	3.86797200862421e-05	0	4.05496899587089e-05	5.1819202030694e-05	5.28042493360412e-05	5.10675315275972e-05	2.5897911558632e-05	0	0
Peptoniphilus_indolicus	4.9235082534512e-05	4.2987209872156e-05	0.000109065556060823	9.14830515284469e-05	3.14746042863324e-05	3.27907739320324e-05	1.84717729016544e-05	2.04250451904125e-05	5.87930022759676e-05	1.97576884163143e-05	3.25764378968217e-05	3.7320611956582e-05	2.89349288879834e-05	2.73033318255827e-05	0	3.52249831964542e-05	3.71242044399002e-05	6.15528823621309e-05	5.23882435498626e-05	1.80159384755701e-05	0	0
Peptoniphilus_lacrimalis	6.26906330408382e-05	0.000278557119971571	9.91505055098387e-05	4.94502981234848e-05	2.03472189325785e-05	2.44186614387475e-05	0	8.57851897997324e-05	4.40947517069757e-05	1.81112143816214e-05	2.06317440013204e-05	3.51465957261015e-05	3.33637445341034e-05	2.82134428864354e-05	7.49860983564411e-05	4.46456182373664e-05	5.99401217519221e-05	3.90563974379003e-05	2.33325790600228e-05	2.47719154039089e-05	0	0
Peptostreptococcus_anaerobius	0.00112476169914245	0.0001249494900284	0.000738220581932344	0.000377058523191572	0.000177720240364241	0.000256047107086296	5.86001071362828e-05	7.01259884870829e-05	0.000409289746613467	1.48182663122357e-05	0.000146593970535698	9.96424105636898e-05	0.000308540823346354	0.00024618504196067	8.27768618220453e-05	0.000154416496105387	0.000699172516951453	0.000546477112951101	0.000148580102504862	8.27607173721502e-05	0	7.19227549611717e-05
Peptostreptococcus_stomatis	0.0229004295378691	0.00035364144654827	0.0242323835466046	0.0111522784842989	0.00499238092028564	0.00797443714985384	0.00223444756341391	0.000374459161824229	0.00900889696413288	0.000137480581896853	0.00324787085831313	0.0019957468995811	0.0037488448172523	0.00763856213373718	4.18753536276229e-05	0.00745909498826312	0.019625942703431	0.0148026870801437	0.00573034934593938	0.0012025638932443	0.000667556742323097	0.00217166762896649
Porphyromonas_asaccharolytica	4.2201499315296e-05	3.03776283096569e-05	1.75766805221987e-05	5.56315853889204e-05	0	0.000202326051921051	0	0.000303652338497466	2.14820585239112e-05	1.89344513989678e-05	5.21223006349148e-05	1.95661460743245e-05	2.83444201351675e-05	0	0	1.72028987703614e-05	2.12690754603595e-05	1.9996875488205e-05	4.86462261534438e-05	3.26538884869708e-05	9.18591735759724e-05	0.000237744662232762
Porphyromonas_catoniae	0.00071620225649582	0.000150168653153398	0.001649053180275	0.000756589561289318	0.000322694175258863	0.000429768441321957	0.000161787252311042	0.0003928417024956	0.000554010982985079	1.48182663122357e-05	0.000528824175191739	0.000239504121391269	0.00020608755473278	0.000397718533592654	2.04507540972112e-05	0.000673370609011288	0.000711160541301838	0.00183815028901734	0.000403257404131715	4.56028442662868e-05	0.00380409173015	0.00822716402583625
Porphyromonas_endodontalis	0.00142108961824768	0.00652316580740011	0.010489222114709	0.0153370099629988	0.00070420453024471	0.00274954127800297	0	6.26368052505983e-05	0.00467065177696196	0.00181523762324887	0.000393089017288316	3.18855713803807e-05	0.000232955702985908	0.000176561545805435	0.000681691803240373	0.000152368531966058	0.000459412029943765	0.00176159975003906	0.00133237831179546	2.92759000228014e-05	0.00910808248533058	0.030734990620074
Porphyromonas_gingivalis	0.0011776664772696	0.00499626011274112	0.00709737345804063	0.0501562011291976	1.39887130161477e-05	3.27907739320324e-05	0	0	0.015569969891199	4.03386138499749e-05	2.06317440013204e-05	0	2.95254376407994e-05	5.50617191815917e-05	0	0	3.01634161074189e-05	5.74910170285893e-05	0.00181884057332989	2.75869057907167e-05	0.0259134027442753	0.0111560184361995
Prevotella_aurantiaca	0.00307092359510291	0.00102137610656243	0.0343421296356805	0.0111485697119397	0.00134545985191676	0.00063628054948965	0.00111913465476575	0.00132150042381969	0.00139520316939508	0.00126943148074819	0.00181016406580006	0.00106236926462814	0.00177123100407156	0.00194900283681618	0.0001830829414417	0.00146511354527578	0.00215320385751421	0.0233447898765818	0.00149570636521561	0.00125323372020685	0.00532081991675175	0.101572910693915
Prevotella_baroniae	0.000560240193808857	0.000423567307940311	0.00185276240068612	0.00267896990083979	0.000281999737393706	0.000876281107630483	0.000139493733291804	0.000110976078867908	0.000930512324483102	0.000158061507330514	0.000463671299398096	0.000373568455604233	0.000273110298177395	0.000262111985525594	8.66722435548475e-05	0.000201929264137813	0.000287712584409226	0.000628339321980941	0.000605106224867951	0.000365948750285018	0.00141996050756751	0.00506456066184917
Prevotella_bivia	0.000314064781136297	0.000362812051320997	9.05875073067162e-05	0.000321426937802651	0.00031188471520093	0.000246279642510797	0.000217202571016005	0.000372416657305188	0.000369717533543104	0.000296365326244714	0.000416978405079318	0.000641334787991749	0.000757327475486505	0.000151533491631984	0.000122704524583267	0.000317024848768088	0.00028384547978007	0.00013466645836588	0.000472374666630274	0.000224636232867265	0.000252437423567558	0.000461504344334185
Prevotella_buccae	0.000962071861202327	0.000359373074531224	0.000436712908359244	0.000969225843220302	0.000173587211518561	0.000298605345593827	5.28674879599073e-05	0.000251228055842074	0.00095425565232532	0.000261789371516164	0.000542940631613696	0.000311608993035539	0.000356667286700857	0.000242089542186833	2.33722903968128e-05	0.000221180127047503	0.000344172311994908	0.000497422277769099	0.000438916628732882	0.000226325227099349	0.00077624507747024	0.00336638450304373
Prevotella_buccalis	0.000263912274703626	0.000274544980383503	0.00015728875646788	0.000276921669491515	0.000191073102788745	0.000138837532180307	0.000537592287206769	0.000221271322896135	0.000280397395469999	0.000388567872187514	0.000426751336448365	0.000203632853588341	0.000434909696448976	0.00034174670335021	3.21368992956176e-05	0.000353069017620274	0.00058625306178009	0.000267145758475238	0.000384767435819999	0.00026967607905619	0.000173200121169963	0.000353620211892428
Prevotella_dentalis	0.000603970732954417	0.0003874580516477	0.000418685543721091	0.00309806117743632	0.000234310943020475	0.000394884639266603	0.000100639314429703	0.000206292956423166	0.000913552804595804	0.000204162780301914	0.00047887363708328	0.000388786569217597	0.000420737486381392	0.000247095153021523	7.59599437896416e-05	0.000379282958603682	0.000393284540785192	0.000403374472738635	0.000555579524032997	0.000110347623162867	0.00162120923135609	0.0014064894303518
Prevotella_denticola	0.00189784423732411	0.00147818685680387	0.000289339202442347	0.0027927055865238	0.000927706013207253	0.00209860953165007	0.0010688149975509	0.00144541236464152	0.00286955076493088	0.00189426837691413	0.00416978405079318	0.00113193778400352	0.00139064811288165	0.00248096275188461	0.000526850379361489	0.001217309884417	0.000892141037946351	0.00164474300890486	0.00258023105416592	0.000942458781503261	0.00327958286118186	0.00242739297993954
Prevotella_enoeca	0.000400914243495312	0.0017997311866476	0.000765261628889573	0.00352209748384521	0.000486743627902777	0.00329024020986095	9.87284413709113e-05	0.000377182501182951	0.000690817776742619	0.000289779430105942	0.000446297199186458	0.000265229980118622	0.000732821362244642	0.000350392758428311	7.49860983564411e-05	0.000366585580939843	0.000373562307176495	0.000644274332135604	0.000322253733432768	0.000314152927167754	0.00218989464944856	0.00202981997334862
Prevotella_fusca	0.0276557434099912	0.0131827443607945	0.00662145103159341	0.00881327938305808	0.00966174974001659	0.0194853941520794	0.0225527607975475	0.0162985052271095	0.0155111768889231	0.0051155948257907	0.0215015348931656	0.012828507440027	0.014867829378401	0.022847883127178	0.00534738527370413	0.0177243104402345	0.0121887270806376	0.0105014841431026	0.0170440087660059	0.0149639258981931	0.00412665066026411	0.00485278810557461
Prevotella_histicola	0.0264731840052648	0.0217480892185212	0.000653491968133027	0.00666342767213958	0.100003719725961	0.0231677282970426	0.00416442935279366	0.0856408528137202	0.0295220015851498	0.0929566310506892	0.0383935038239309	0.0556240169370358	0.0744008550566741	0.0395875558694428	0.0129268242803039	0.0321935866774198	0.017893479829569	0.00352726136541165	0.0663345222676449	0.0645066307098561	0.000689294409352526	0.00143445939061448
Prevotella_intermedia	0.0102246893449777	0.000217801863352257	0.00949185816610324	0.0163074720636722	0.00142716665294289	0.00697885343919404	7.8982753096729e-05	0.000271653101032486	0.00787939293963881	0.000330941280973264	0.00175695588390192	0.000120657900791668	0.000427528337038776	0.000115129049197874	0.000444073517539443	0.000185135958195318	0.000348039416624064	0.000323074519606311	0.00112722771100356	0.000172840409750001	0.0195035958308557	0.0231491378259749
Prevotella_loescheii	0.00109051120694453	0.00330027139258499	0.00128535109870027	0.0116863417040325	0.000306162059876143	0.00241395910223047	0.000238222174662715	0.00131605374510224	0.0072292780106257	0.0016011959987388	0.00336840367853137	0.000252910554812565	0.000880153296072231	0.00128189142921111	0.000317473611223374	0.000881853358394953	0.00161528960359857	0.00238775191376347	0.00323618469189109	0.000405921613777689	0.0112054167461377	0.00422546185396884
Prevotella_maculosa	0.000581035135500452	0.00105633903725845	0.000525497679202145	0.00189394641812947	0.000450818069474943	0.00112256075014128	0.00020510037497699	0.00060526217247589	0.00146304124894427	0.000838055283658663	0.00135626569777101	0.00044422398309485	0.000999140809764653	0.000917847004870004	0.000264885957830545	0.000656167710240927	0.000597080954741728	0.000605530385877207	0.00162029353264932	0.000254475130967428	0.000589721870056434	0.00155632850318758
Prevotella_marshii	0.000263912274703626	0.000156473443934648	0.000196948958671816	0.000956863268689431	0.00011763235945397	0.000311861190374861	8.15305838417848e-05	0.000167485370561382	0.000312055165926289	0.000238738735030464	0.000272556197070075	0.000205444533780408	0.000246537404300675	0.000175651434744582	0.000124652215449668	0.000125335405326919	0.000146563265445023	0.000165599125136697	0.000278890355368386	3.49058807964171e-05	0.000510484567658839	0.00137252590717569
Prevotella_micans	0.000126298689979835	0.000335873399801113	0.000132951814206375	0.000964280813407954	7.05794156723818e-05	0.000656513154681755	0.000102550187488495	0.000142975316332887	0.000549488444348466	5.51568801622106e-05	0.000209575083802886	0.000244214489890643	0.000214649931648612	0.000135606548067061	9.93322341864544e-05	0.000212988270490188	0.000177886812941188	0.000273707233244806	0.000660135892462344	5.51738115814334e-05	0.000492954191022203	0.00073720823835201
Prevotella_multiformis	0.00282933530192115	0.00190347365313907	0.000434459487779475	0.00154903058871816	0.00157150473724587	0.00351907795134407	0.00169558136083462	0.00157885599321889	0.0032799711462035	0.00261707047814429	0.00301223462419278	0.00214756569967633	0.00295608681659684	0.00195355339212044	0.000319421302089775	0.00207745482293507	0.00127305084391824	0.00129448523668177	0.00269029038935471	0.00182129878026467	0.000889140703010176	0.000996929297934019
Prevotella_multisaccharivorax	0.000524766469746724	0.000727916753835176	0.000159091492931696	0.000383239810457007	0.000344631020670549	0.000165349221742376	0.000791738404026082	0.00021310130481997	0.000383285149452942	0.00106773841149832	0.000614608794986703	0.000283346782039292	0.00128347077424555	0.000275763651438385	9.73845433200533e-05	0.000431710840570497	0.000272630876355517	0.000404936728636151	0.000374201739641876	9.06426904552121e-05	0.000195639003264857	0.000927004397277324
Prevotella_nanceiensis	0.00148897898671142	0.00304406762174694	0.0251287942532367	0.00144271244775267	0.00393909441522888	0.00856885713687706	0.00285802913826632	0.00266887257154723	0.00236302643763023	0.000260966134498817	0.0195241451128285	0.0121668818338841	0.00256782731162033	0.00911203194125779	0.00268781339563347	0.0125589352880195	0.0226221753701012	0.0271907514450867	0.00165397168921709	0.00458449334395523	0.0078963828522063	0.0228834232034795
Prevotella_nigrescens	0.00272811286515765	0.00234079686823847	0.00233814919356838	0.0100050315678341	0.000943920203294151	0.00919885860199675	0.00049427916454082	0.00560599406992855	0.0042613620303485	0.0102715282654314	0.00437175796575348	0.00070510593075251	0.00187338901830872	0.00203591844312761	0.00157665575635166	0.00131684094158838	0.00349083534873936	0.00266677081705983	0.00448733921431722	0.000463347417668569	0.0061840156623397	0.0158749503033742
Prevotella_oralis	0.000140365856418267	0.000188570560639191	0.000139712075945682	0.000857962672442462	6.8353938601631e-05	0.000265116895620688	8.02566684692569e-05	3.268007230466e-05	0.000590191292077982	0.00012677850067135	0.00020414567748675	5.86984382229736e-05	0.000128435653737478	6.5072940850972e-05	2.53199812632139e-05	6.1438924179862e-05	0.000109439061005122	9.74847680049992e-05	0.000175434580290926	2.30829211718242e-05	0.000183017132086479	0.00160827271510398
Prevotella_oris	0.00116879804625407	0.00111824061947435	0.00185276240068612	0.00346646589845629	0.000973169330509733	0.00153628264251777	0.000759890519712885	0.00155706927834911	0.00168012310350169	0.0119723359432691	0.00538379930308141	0.000650030852913671	0.0016215370352327	0.0020322779988842	0.00179966636055459	0.00118781920081067	0.00173439642617659	0.00172348070613967	0.0025185978264602	0.00118961493746499	0.00367506815810436	0.00337637377456612
Prevotella_oulorum	0.00210548784627401	0.00168567178978681	0.000539018202680759	0.00218570317705803	0.00326318523631228	0.00108349089183928	0.0005458727371282	0.000738705801053251	0.00203401175181665	0.000791130773669917	0.00458893421839895	0.00278056675878457	0.00713157420775869	0.00152944163776306	0.000157762960178486	0.00107149483769679	0.000571558064189296	0.00165224183721294	0.00285559951080827	0.0009492147584316	0.000590423085121899	0.000891043019796738
Prevotella_pallens	0.0778669649721439	0.0252678819628533	0.00134484140200618	0.00905434958641007	0.0418243443665068	0.00892188121367724	0.00129429801848833	0.0222353850291227	0.0358015464820868	0.0437830375305524	0.0352813681235212	0.0238822929639052	0.0448892943715658	0.0207405209657735	0.00069337794843878	0.0233250827684707	0.0742244328310996	0.0210339009529761	0.0460585110644851	0.0150410566347916	0.000780452367863033	0.0054960971916162
Prevotella_saccharolytica	0.00043271827196481	0.000467127680610762	0.000376771920937387	0.00173199669177506	0.00055954852064591	0.000530931467282482	0.000503196572148516	0.000381267510221033	0.00095086374834786	0.000368810183771199	0.000639584064040933	0.000178269330899401	0.000356667286700857	0.000539695859085684	9.44630070204517e-05	0.000256405110243958	0.000691825018156056	0.000600843618184659	0.0012995806299092	0.000716133554403912	0.000645117860228203	0.0024833329004649
Prevotella_salivae	0.00736385582255309	0.0165133933816892	0.00119927043255309	0.0052602754628857	0.0107452391481764	0.00345210105139779	0.0210393493349843	0.0128473534247695	0.0186780845692112	0.0156242153522178	0.0166726209155934	0.00960589071437811	0.0374128630521626	0.00971179513035976	0.000488870407466668	0.00427819708705773	0.00926906308562466	0.00157006717700359	0.0161945708170189	0.00904512711089092	0.000403899877708093	0.00812926916491688
Prevotella_scopos	0.134619724736134	0.0530679971685758	0.0136007452512541	0.042542091475634	0.0480792066364998	0.0418187019039579	0.115626928787494	0.0687547871199665	0.073318265742109	0.0267683748560364	0.10649889077229	0.0575552680217793	0.0922587255049588	0.0994073356771727	0.0299700932067464	0.0858449224210704	0.0704006397737899	0.0500699890642087	0.0788088674366124	0.0772230682832218	0.013979423545119	0.0147841218531297
Prevotella_shahii	0.0015877549597465	0.00145067504248569	0.0159708930170552	0.00785394359946247	0.000581485366057596	0.00101302561168747	0.00076562313888926	0.000587560466644199	0.0010876705421054	0.000526048454084367	0.0019741321365474	0.00057575196503892	0.000772680703059721	0.00126778470776789	0.000279493639328553	0.00106698931659027	0.0160364961866481	0.0179459459459459	0.00841799831124956	0.000766803381366453	0.012477420874892	0.0411897621954021
Prevotella_veroralis	0.00992071622672113	0.0169524360851835	0.00107398024831793	0.0083694629573998	0.0160482330824797	0.00487745320337954	0.00489438286125214	0.00844030950751812	0.0189980541777516	0.00325096298150104	0.0418422627159411	0.00543902627262381	0.0368185159924533	0.0189152932332333	0.00253491966262099	0.0148772306937397	0.00854552780950952	0.00583502577722231	0.0174190909803293	0.00934914607266616	0.00264217836667377	0.00520041475455361
Propionibacterium_acidifaciens	4.2201499315296e-05	0.000184558421051123	3.8308149856074e-05	0.000802331087053541	0.000372290521407023	0.000196744643592194	0.000209559078780838	4.83392736173095e-05	0.000470344018207741	0.000670114932119992	0.000235636234120344	5.43504057620126e-05	5.52125683882949e-05	0.000350847813958737	0.000567751887555911	0.000184726365367452	0.000149270238685432	0.00145071082643337	0.000775478075740193	6.24927865871338e-05	0	0
Proteus_mirabilis	0	0	1.53232599424296e-05	0	0	0	0	1.83825406713712e-05	0	0	0	0	0	0	4.96661170932272e-05	2.00700485654216e-05	0	1.93719731291986e-05	0	3.04018961775246e-05	4.83838395171153e-05	4.39527946984938e-05
Pseudomonas_aeruginosa	0	0	0	0	0	0	0	0	0	0	0	0	0	0	0	0	0	0	0	0	0	0
Pseudomonas_fluorescens	0	0	0	0	0	0	0	0	0	0	0	0	0	0	0	0	0	0	0	0	0	0
Pseudomonas_otitidis	0	0	0	0	0	0	0	0	0	0	0	0	0	0	0	0	0	0	0	0	0	0
Pseudomonas_stutzeri	0	0	0	0	0	0	0	0	0	0	0	0	0	0	0	0	0	0	0	0	0	0
Pseudoramibacter_alactolyticus	2.29355974539652e-05	4.41335354687469e-05	3.51533610443973e-05	0.000412909989331098	3.68793343152986e-05	0.000336279851813609	5.73261917637549e-05	1.42975316332887e-05	5.87930022759676e-05	3.70456657805892e-05	2.17176252645478e-05	1.70297938054306e-05	3.18874726520634e-05	2.73033318255827e-05	0	3.80921329915145e-05	3.5190652125322e-05	1.74972660521793e-05	6.07527530242104e-05	3.37798846416939e-05	0	0
Pyramidobacter_piscolens	0	5.55967914346551e-05	5.81382509580418e-05	0.000228707628821117	1.52604141994339e-05	4.53489426719597e-05	0	0	0.000107410292619556	1.39950292948893e-05	0	0	0	0	0	0	0	0	2.35526977304004e-05	0	0.000126218711783779	0
Rothia_dentocariosa	0.00163668423431496	0.00513439234713032	0.00169276953952252	0.00588334921924161	0.000605647688540033	0.00255070360628746	0.00520394429677642	0.0118744404388661	0.00408385238886144	0.013264818060503	0.00423710868911328	0.00362589673640307	0.00222917054188036	0.00272714779384528	0.0121876755965047	0.00185217876760891	0.00510612495233794	0.00653241680987346	0.0107109745005727	0.00733079796532495	0.0141049410418373	0.0103408938799729
Rothia_mucilaginosa	0.0435556169889781	0.0940967097589564	0.0880068900587647	0.02051940120634	0.0635151155992272	0.151557561761772	0.0862128597935111	0.0749354057945853	0.0135009084649486	0.121818497641838	0.0215818901066444	0.0806969461231674	0.0521156452341515	0.0619721924666467	0.299788578156452	0.149856089559929	0.083100211375939	0.0674216528667396	0.0658848198240636	0.12511731472437	0.0348959677328875	0.0135314672042227
Scardovia_inopinata	0	1.77680467471578e-05	0	0	2.0029293636757e-05	0	4.07652919208924e-05	0	0	8.72631238387213e-05	4.01776067394135e-05	0	0	0	0	0	0	0	0	0	0	0
Scardovia_wiggsiae	0	0.00031867851585225	0	0.000161949726354413	0	1.9534929150998e-05	0.00175290755259837	0	0.000266829779560161	0.00247547371116071	3.47482004232765e-05	9.67437222563825e-05	2.09630607249676e-05	0.000159269435649232	0.00226516447762444	2.41659768440791e-05	2.43627591636845e-05	0.000538353382284018	0.000474355734663672	0.000233081204027688	6.59142161537512e-05	0
Selenomonas_artemidis	0.000149540095399853	0.00164325774271295	7.34615109004714e-05	0.00331811500408583	0.000582757067240882	0.000370465977827855	0.000256056989878105	0.000183144571874032	0.00156253709894975	0.00543912697360784	0.00118686822070754	0.000228634040238866	0.00221676985807122	0.000372690479419204	0.000257095194364941	0.000705728442412682	0.000211917333677763	0.000297765974066552	0.00196191770907532	0.000247719154039089	0.000331674725965152	0.000187798304620837
Selenomonas_sputigena	0.000570943472620707	0.00342006241742873	0.000356040451603512	0.00493884852508305	0.00139060524392341	0.00159418975392966	2.2293519019238e-05	0.000305694843016507	0.00309115515812491	0.00208608260195585	0.00161579131968236	0.000810183381892401	0.00407480564880673	0.000954706502834541	0.000762520974196018	0.000930185312083111	0.000546035173636865	0.00117137947195751	0.00493814225125049	0.000365948750285018	0.00111984045954831	0.000283695311235733
Serratia_marcescens	0	0	0	0	0	0	0	0	0	0	0	0	0	0	0	0	0	0	0	0	0	0
Shuttleworthia_satelles	8.10391110040104e-05	0.000100876652499993	0.000209568113918523	0.000398074899894053	0.000149742814331945	0.000610466535968688	7.51610069791454e-05	3.74459161824229e-05	0.000361803090929031	0.000108667286289728	0.000163968070747336	4.6016676878504e-05	0.000122825820585726	9.10111060852756e-05	0	7.57746731551632e-05	0.00012645432137341	0.000162787064521169	0.000282632372764805	4.33508519568406e-05	7.01215065465438e-05	0.000157830490053682
Simonsiella_muelleri	0.000897852188331224	0.000122656838835219	0.000140613444177589	9.02467940753598e-05	0.000667325195929412	3.62791541375678e-05	6.8154472430242e-05	4.97009432966704e-05	6.78380795491933e-05	0	0.000115103413902103	0	0	0.000161544713301364	5.35614988260293e-05	7.49554874994317e-05	6.30338054552472e-05	0.000108733010467115	3.49988685900343e-05	3.04018961775246e-05	0.00226141858612604	0.000433534384071507
Slackia_exigua	0.00090702642731281	0.00106149750244311	3.19985722327207e-05	0.000835710038286893	0.000149424889036124	0.000766745969176673	6.94283878027699e-05	0.000142975316332887	0.000826493935841006	0.000552392038639453	0.000158538664431199	3.87699561102357e-05	0.000138474302535349	0.000194308711492063	0.000142181433247278	6.18485170077278e-05	7.65686716572941e-05	7.62380877987814e-05	0.000689631794292939	1.52009480887623e-05	7.22251517429402e-05	0
Sneathia_sanguinegens	4.77060427042476e-05	6.24747450142001e-05	6.39971444654413e-05	0.000202746222306288	3.94227366818709e-05	8.6511829097277e-05	1.52869844703347e-05	2.4510054228495e-05	0.00010514902330125	1.7287977364275e-05	7.38399258994626e-05	3.65959398797552e-05	0.000101272251107942	4.18651087992268e-05	1.4607681498008e-05	1.47453418031669e-05	6.69009100844034e-05	3.34322762068427e-05	4.29231407236269e-05	4.22248558021174e-05	3.64631834042028e-05	4.79485033074478e-05
Solobacterium_moorei	0.00781186449282055	0.00534760890809621	0.0123095352590465	0.00843127583005416	0.0219203132963035	0.00400605582803681	0.00499884392179943	0.00421096348342337	0.0233148173063986	0.00494271505214795	0.00935486708270397	0.0149641160504357	0.0132542642113313	0.0076631351323802	0.000240539822000532	0.00688525543642321	0.0135584555402848	0.014776753632245	0.0126172021860425	0.00366680647785588	0.00274736062649359	0.00196389078130088
Sphingomonas_echinoides	0	0	0	0	0	0	0	0	0	0	0	0	0	0	0	0	0	0	0	0	0	4.39527946984938e-05
Staphylococcus_aureus	0	0	0	0	0	5.58140832885658e-05	0	0	0	0	0	0	0	0	0	0	0	0	0	0	0	0
Staphylococcus_capitis	0	0	0	0	0	0	0	0	0	0	0	0	0	0	0	0	0	0	0	0	0	0
Staphylococcus_epidermidis	0	5.27309774431781e-05	0	0	1.87575924534708e-05	6.97676041107072e-05	0	0	0	9.30257829601463e-05	3.0404675370367e-05	1.37687694597099e-05	0	2.18426654604661e-05	2.33722903968128e-05	0	0	3.49945321043587e-05	1.56284255968078e-05	0	0	4.19549403940168e-05
Staphylococcus_pettenkoferi	0	0	0	0	0	0	0	0	0	6.00963022662892e-05	0	0	0	0	4.86922716600267e-05	0	0	0	0	0	0	0
Staphylococcus_warneri	0	1.83412095454532e-05	0	0	0	0	0	0	0	0	0	0	0	0	0	0	0	0	0	0	0	0
Stenotrophomonas_maltophilia	0	0	0	0	0	2.79070416442829e-05	0	0	0	0	0	0	0	0	0	0	0	0	0	0	0	0
Stenotrophomonas_nitritireducens	0	0	0	0	0	0	0	0	0	0	0	0	0	0	0	0	0	0	0	0	0	0
Stomatobaculum_longum	0.00403207803240708	0.00954545324281182	0.0107398024831793	0.0057300532950588	0.013124274136809	0.00446303363496194	0.0123404182136776	0.00708953318559217	0.00693983553788248	0.00396717918659243	0.00760442648638142	0.00381177512410915	0.0080512915902696	0.00551845841748068	6.32999531580347e-05	0.00808044730813546	0.00461345582258343	0.00706077175441337	0.00534910380884542	0.0025897911558632	0.00101535941479396	0.000239742516537239
Streptococcus_agalactiae	0.000125687074047729	0.00013125428080965	0.000186132539888924	0.000159477211448239	5.75444785436987e-05	0.000161860841536841	7.00653454890338e-05	0.000404415894770167	0.000115324735233629	8.4793412786682e-05	0.000165053952010563	0.000103265770947824	0.000106586829883286	0.000126960492988959	0.000297022857126163	9.42063504091218e-05	0.000176726681552441	0.000221215435088267	0.000148359983834485	0.000249408148271174	7.78348722666637e-05	4.59506490029708e-05
Streptococcus_anginosus	0.00360150041620464	0.00380752046907643	0.00117718691087136	0.00497469999122257	0.00054524188233394	0.00312489098811858	0.00133442635272296	0.00133307461609425	0.00141329332394153	0.00762811420273199	0.00151154671841253	0.000726121420980489	0.000731049835986194	0.00147073947433805	0.00144323893200319	0.001366811266588	0.00122045822096172	0.00167661302921419	0.00185229861122728	0.000910367891093652	0.000722952732494867	0.000379592317850628
Streptococcus_gordonii	0.00610667927410975	0.00796352391951648	0.00327331873417254	0.0049907713381127	0.0017845146854463	0.00443094053707102	0.00205673636894627	0.00519204648740285	0.00245686911433995	0.00652086041440105	0.0094471669900783	0.00912543312744192	0.00310548553105928	0.00409777505148953	0.00334321137217743	0.00507362635877301	0.00533351070453232	0.00734728948601781	0.00349746555362927	0.00516044037709611	0.00361826973780166	0.000980946463498203
Streptococcus_intermedius	0.00101161275170289	0.00205650812028394	0.00191180201987607	0.00515272106446712	0.000440644460008654	0.00270000627908437	0.00657913594142028	0.00243875039573525	0.00114646354438137	0.0039062596473088	0.00284826655344545	0.00172725589511676	0.00139448641977496	0.00121044771093417	0.00270242107713148	0.00176575468092924	0.00131674912622771	0.00161224808623653	0.00149592648388599	0.00327045583139334	0.000574295138616194	0.000475489324465524
Streptococcus_mitis	0.015715471375457	0.0112265397302123	0.0186362388788061	0.0191273753141639	0.00573505441132475	0.0137156132921239	0.00989577461379663	0.0252739509186164	0.0118456593239483	0.00584909900824637	0.0338773236501681	0.0359868529991822	0.0305842198345985	0.0145299230865142	0.00892334570441649	0.011983866957696	0.0307655242981785	0.0263655678800187	0.0140319048805592	0.0177102305195628	0.0454829127912847	0.012029080767256
Streptococcus_mutans	0.000236083749792815	0.00113543550342321	0.000135205234786144	0.000203982479759375	0.000564635325379054	0.000246977318551904	0.000357970219680336	0.000280503953948331	0.00241277436263298	0.000647887532651638	0.000564658256878243	0.000446035663286917	0.000299978446430522	0.000650274352979294	0.00841791992458541	0.000684839208191529	0.000776127899071663	0.00063708795500703	0.000371560315597345	0.000732460498647397	8.97555283795761e-05	4.39527946984938e-05
Streptococcus_pneumoniae	0.00900512717635884	0.00727458223596539	0.0111801208644662	0.0101422561451267	0.00336746473334175	0.00819350742676146	0.00614664167244706	0.012873905983517	0.00723945372255808	0.00240220561661687	0.0183123016230667	0.0171932073587551	0.0158061477866256	0.00874343696161243	0.00578853725494397	0.00702083066244677	0.0185860782686509	0.0165521012341822	0.00860465894372974	0.0100247437655	0.0286214953271028	0.00731414460869027
Streptococcus_pyogenes	2.8134332876864e-05	0.000110620420071015	5.45327780304113e-05	4.94502981234848e-05	7.85275480679203e-05	6.90699280696002e-05	4.01283342346285e-05	6.0594300731557e-05	5.42704636393547e-05	4.36315619193606e-05	0.000219348015171933	9.38450339490751e-05	4.57644283432391e-05	5.82471078945764e-05	3.70061264616203e-05	6.1438924179862e-05	7.11547251764753e-05	8.52991720043743e-05	3.65396992826773e-05	4.72918384983715e-05	4.41765491243226e-05	0
Streptococcus_salivarius	0.0273224127269936	0.140839282285544	0.00318273122686582	0.0316654984033735	0.0770682709600994	0.0794046032665192	0.131717116900207	0.0832579308748387	0.0811886136044746	0.076366758677124	0.0624251420604163	0.0770166989810024	0.045723092730542	0.0847741149852517	0.220337398488787	0.0501915051266686	0.0267394816687639	0.0310392126230277	0.0544274229122404	0.0596029174560369	0.000943134263051015	0.000845092370793768
Streptococcus_sanguinis	0.00814794744751265	0.00298961715590888	0.00483088303890891	0.00641617618152215	0.00165480116475111	0.00408628857276412	0.00810719743076748	0.022530867349544	0.00541121747870732	0.00292413788561451	0.0193189135540785	0.00445347224813931	0.00610526999536451	0.00806312894362499	0.00943266686598036	0.00496672263070005	0.00580375062743773	0.00622715200749883	0.00286066224022695	0.00502869882699351	0.00895521760105912	0.00184601737733674
Streptococcus_sobrinus	9.96933969332354e-05	0.000265374375610777	0.000175766805221987	0.000135988319839583	0.000169772107968702	0.000203721404003265	0.000202552544231934	0.000170208709920104	0.000764309029587578	0.000194283936093757	0.000291016178544941	0.000228271704200453	0.000201953993463068	0.000332645592741682	0.000403172009345021	0.000262139409834078	0.000244787723025592	0.00024683643180753	0.000109398979177654	0.000184663369374594	9.81701091651614e-05	3.79592317850628e-05
Streptococcus_thermophilus	0.00181649931835404	0.0100922505523856	0.00101133515620035	0.00173446920668123	0.0046258130542034	0.00578233902869542	0.00786515350998718	0.00509468710532855	0.00469100320082672	0.00511971101087743	0.00460630831861059	0.00601803926200845	0.00378398008804485	0.00519946449065179	0.0126697290859389	0.00377234994464353	0.00312462054035826	0.00321449773472895	0.00300704115602804	0.00382782392798129	0.000433350910457641	0.000155832635749205
Tannerella_forsythia	0.000586539678889403	0.00408894340303948	0.00261577060899593	0.0126963640432047	0.00110542625357149	0.00220116790969281	3.50326727445169e-05	0.000665175638367767	0.00751080604075486	0.00153369056331639	0.000197630389907385	3.40595876108612e-05	0.000243289606160187	0.00012559532639768	0.000157762960178486	5.28374747946814e-05	0.000373562307176495	0.000574285267926886	0.00123068348608102	2.30829211718242e-05	0.00382512818211397	0.00602552858230261
Treponema_denticola	0.000328743563506835	0.00439673182572412	0.00386191218960822	0.00904569578423846	0.000690851667820206	0.00157535250081977	7.77088377242011e-05	4.56159342585879e-05	0.00253036036718491	2.14041624510071e-05	0.000127048107797605	4.02193002638893e-05	3.77925601802233e-05	3.41291647819783e-05	2.53199812632139e-05	2.78523122948708e-05	0.000139215766649626	0.000185908451804406	0.000250054809548924	2.42089173265473e-05	0.0021506266057825	0.00103089282111013
Treponema_lecithinolyticum	9.11307738837551e-05	0.00133317666883513	0.000615634502392907	0.000357278403942178	0.000136072026611619	0.000925118430507978	0.000142041564036859	2.17867148697733e-05	0.00156479836826806	0.000636362214408788	5.5379944424597e-05	0	0	0	0	0	0.000102864983135557	0.000129667239493829	0.000290776763568775	0	0.000385668286005991	0.00268112047660812
Treponema_maltophilum	0.000122017378455095	0.00085859787184653	0.00066791385984355	0.00165040369987131	0.000189483476309638	0.000516977946460341	3.50326727445169e-05	4.902010845699e-05	0.00088754820743528	2.46971105203928e-05	5.5379944424597e-05	0	7.38135941019986e-05	3.91347756166685e-05	2.62938266964144e-05	1.72028987703614e-05	7.11547251764753e-05	0.000115294485236682	9.6632096295755e-05	0	0.000613563182282259	0.000393577297981967
Treponema_medium	0.000872470127148836	0.00287670408464468	0.00363521807928345	0.00644708261784933	0.000562091923012482	0.00197023714008637	4.84087841560597e-05	0.000460925186463642	0.00295547899902652	0	0.000182428052222202	0	0.000497798878623878	0.000280769262273075	0.000103227615919257	4.05496899587089e-05	0.000726628959818463	0.000702702702702703	0.00222231809613199	2.08309288623779e-05	0.00506627884798779	0.00676873038356805
Treponema_putidum	0.000129356769640364	0.000894707128139141	0.00106091040895527	0.000934610634533863	0.000159280573206591	0.000472326679829488	3.63065881170448e-05	3.33609071443404e-05	0.000596975100032901	1.64647403469285e-05	3.0404675370367e-05	2.02908181511514e-05	3.18874726520634e-05	1.86572767474815e-05	0	2.12988270490188e-05	6.38072263810784e-05	0.000124668020621778	0.000221659501070217	0	0.000673166462846821	0.000347626648978997
Treponema_socranskii	0.000179203468106981	0.000958901361548227	0.000750389053063097	0.003944897532801	0.000206651442284001	0.000870699699301626	0.000354148473562753	0.000121188601463114	0.00125952701029669	0.000391860820256899	0.00012487634527115	0	7.20420678435506e-05	0.000112398716015315	1.85030632308101e-05	3.48153903685885e-05	0.000227772462657304	0.000146852054366505	0.000367818298200926	0	0.000560270837306885	0.0011028155760713
Treponema_vincentii	0.00031865190062709	0.00155441750897716	0.00156162046177996	0.00171592534488492	0.000283589363872813	0.000803722799355347	2.10196036467101e-05	0.000138890307294805	0.00104018388642096	0	4.4521131792323e-05	0	0.000132864469383597	7.41740514594996e-05	3.31107447288181e-05	1.80220844260929e-05	0.000205343255808198	0.000158412748008124	0.000694914642382001	0	0.00306290740595304	0.0027870067547454
Veillonella_parvula	0.0965625349767861	0.120626123040858	0.105773759277896	0.0575181142623314	0.129792684093848	0.122401680003907	0.145821907904836	0.135042228780931	0.135313225372799	0.196754470382813	0.134004263169839	0.291769645588251	0.100277539113824	0.137799005612655	0.136036468563782	0.102897500623605	0.106753743550636	0.0807711295110139	0.117015525410059	0.203006409733111	0.0213800473460412	0.0211313049784531
